1.33303030303030303030330326522653265356523565
1.36362156524152155621522352223556322566363252
1.21212121212231215545214545245232115521415521
1.24242424255654215625625256215215525263221215
1.72727272727272724554254522552525212622355221
0.90909099909090909090911254121521121212115200
1.33333333333333333345521556252632212635633552
1.24242424242424242424556654565254552452555252
1.54545454545454454551255622632363633356223665
1.75757575757575755751255423512665236525622663
1.30303030303030303030303052565535562525632226
1.24242424242424242441455254255525624562555226
1.36363636363366259855865555696285996559659965
1.45454545454545454552552366223652662365266332
1.06060606060606061551252236552352226656236563
1.39393939393939245256256256656552656355665522
1.81818181818181818562325623356256525562233332
